1000
1000000 1000000
999999 999999
999998 999998
999997 999997
999996 999996
999995 999995
999994 999994
999993 999993
999992 999992
999991 999991
999990 999990
999989 999989
999988 999988
999987 999987
999986 999986
999985 999985
999984 999984
999983 999983
999982 999982
999981 999981
999980 999980
999979 999979
999978 999978
999977 999977
999976 999976
999975 999975
999974 999974
999973 999973
999972 999972
999971 999971
999970 999970
999969 999969
999968 999968
999967 999967
999966 999966
999965 999965
999964 999964
999963 999963
999962 999962
999961 999961
999960 999960
999959 999959
999958 999958
999957 999957
999956 999956
999955 999955
999954 999954
999953 999953
999952 999952
999951 999951
999950 999950
999949 999949
999948 999948
999947 999947
999946 999946
999945 999945
999944 999944
999943 999943
999942 999942
999941 999941
999940 999940
999939 999939
999938 999938
999937 999937
999936 999936
999935 999935
999934 999934
999933 999933
999932 999932
999931 999931
999930 999930
999929 999929
999928 999928
999927 999927
999926 999926
999925 999925
999924 999924
999923 999923
999922 999922
999921 999921
999920 999920
999919 999919
999918 999918
999917 999917
999916 999916
999915 999915
999914 999914
999913 999913
999912 999912
999911 999911
999910 999910
999909 999909
999908 999908
999907 999907
999906 999906
999905 999905
999904 999904
999903 999903
999902 999902
999901 999901
999900 999900
999899 999899
999898 999898
999897 999897
999896 999896
999895 999895
999894 999894
999893 999893
999892 999892
999891 999891
999890 999890
999889 999889
999888 999888
999887 999887
999886 999886
999885 999885
999884 999884
999883 999883
999882 999882
999881 999881
999880 999880
999879 999879
999878 999878
999877 999877
999876 999876
999875 999875
999874 999874
999873 999873
999872 999872
999871 999871
999870 999870
999869 999869
999868 999868
999867 999867
999866 999866
999865 999865
999864 999864
999863 999863
999862 999862
999861 999861
999860 999860
999859 999859
999858 999858
999857 999857
999856 999856
999855 999855
999854 999854
999853 999853
999852 999852
999851 999851
999850 999850
999849 999849
999848 999848
999847 999847
999846 999846
999845 999845
999844 999844
999843 999843
999842 999842
999841 999841
999840 999840
999839 999839
999838 999838
999837 999837
999836 999836
999835 999835
999834 999834
999833 999833
999832 999832
999831 999831
999830 999830
999829 999829
999828 999828
999827 999827
999826 999826
999825 999825
999824 999824
999823 999823
999822 999822
999821 999821
999820 999820
999819 999819
999818 999818
999817 999817
999816 999816
999815 999815
999814 999814
999813 999813
999812 999812
999811 999811
999810 999810
999809 999809
999808 999808
999807 999807
999806 999806
999805 999805
999804 999804
999803 999803
999802 999802
999801 999801
999800 999800
999799 999799
999798 999798
999797 999797
999796 999796
999795 999795
999794 999794
999793 999793
999792 999792
999791 999791
999790 999790
999789 999789
999788 999788
999787 999787
999786 999786
999785 999785
999784 999784
999783 999783
999782 999782
999781 999781
999780 999780
999779 999779
999778 999778
999777 999777
999776 999776
999775 999775
999774 999774
999773 999773
999772 999772
999771 999771
999770 999770
999769 999769
999768 999768
999767 999767
999766 999766
999765 999765
999764 999764
999763 999763
999762 999762
999761 999761
999760 999760
999759 999759
999758 999758
999757 999757
999756 999756
999755 999755
999754 999754
999753 999753
999752 999752
999751 999751
999750 999750
999749 999749
999748 999748
999747 999747
999746 999746
999745 999745
999744 999744
999743 999743
999742 999742
999741 999741
999740 999740
999739 999739
999738 999738
999737 999737
999736 999736
999735 999735
999734 999734
999733 999733
999732 999732
999731 999731
999730 999730
999729 999729
999728 999728
999727 999727
999726 999726
999725 999725
999724 999724
999723 999723
999722 999722
999721 999721
999720 999720
999719 999719
999718 999718
999717 999717
999716 999716
999715 999715
999714 999714
999713 999713
999712 999712
999711 999711
999710 999710
999709 999709
999708 999708
999707 999707
999706 999706
999705 999705
999704 999704
999703 999703
999702 999702
999701 999701
999700 999700
999699 999699
999698 999698
999697 999697
999696 999696
999695 999695
999694 999694
999693 999693
999692 999692
999691 999691
999690 999690
999689 999689
999688 999688
999687 999687
999686 999686
999685 999685
999684 999684
999683 999683
999682 999682
999681 999681
999680 999680
999679 999679
999678 999678
999677 999677
999676 999676
999675 999675
999674 999674
999673 999673
999672 999672
999671 999671
999670 999670
999669 999669
999668 999668
999667 999667
999666 999666
999665 999665
999664 999664
999663 999663
999662 999662
999661 999661
999660 999660
999659 999659
999658 999658
999657 999657
999656 999656
999655 999655
999654 999654
999653 999653
999652 999652
999651 999651
999650 999650
999649 999649
999648 999648
999647 999647
999646 999646
999645 999645
999644 999644
999643 999643
999642 999642
999641 999641
999640 999640
999639 999639
999638 999638
999637 999637
999636 999636
999635 999635
999634 999634
999633 999633
999632 999632
999631 999631
999630 999630
999629 999629
999628 999628
999627 999627
999626 999626
999625 999625
999624 999624
999623 999623
999622 999622
999621 999621
999620 999620
999619 999619
999618 999618
999617 999617
999616 999616
999615 999615
999614 999614
999613 999613
999612 999612
999611 999611
999610 999610
999609 999609
999608 999608
999607 999607
999606 999606
999605 999605
999604 999604
999603 999603
999602 999602
999601 999601
999600 999600
999599 999599
999598 999598
999597 999597
999596 999596
999595 999595
999594 999594
999593 999593
999592 999592
999591 999591
999590 999590
999589 999589
999588 999588
999587 999587
999586 999586
999585 999585
999584 999584
999583 999583
999582 999582
999581 999581
999580 999580
999579 999579
999578 999578
999577 999577
999576 999576
999575 999575
999574 999574
999573 999573
999572 999572
999571 999571
999570 999570
999569 999569
999568 999568
999567 999567
999566 999566
999565 999565
999564 999564
999563 999563
999562 999562
999561 999561
999560 999560
999559 999559
999558 999558
999557 999557
999556 999556
999555 999555
999554 999554
999553 999553
999552 999552
999551 999551
999550 999550
999549 999549
999548 999548
999547 999547
999546 999546
999545 999545
999544 999544
999543 999543
999542 999542
999541 999541
999540 999540
999539 999539
999538 999538
999537 999537
999536 999536
999535 999535
999534 999534
999533 999533
999532 999532
999531 999531
999530 999530
999529 999529
999528 999528
999527 999527
999526 999526
999525 999525
999524 999524
999523 999523
999522 999522
999521 999521
999520 999520
999519 999519
999518 999518
999517 999517
999516 999516
999515 999515
999514 999514
999513 999513
999512 999512
999511 999511
999510 999510
999509 999509
999508 999508
999507 999507
999506 999506
999505 999505
999504 999504
999503 999503
999502 999502
999501 999501
999500 999500
999499 999499
999498 999498
999497 999497
999496 999496
999495 999495
999494 999494
999493 999493
999492 999492
999491 999491
999490 999490
999489 999489
999488 999488
999487 999487
999486 999486
999485 999485
999484 999484
999483 999483
999482 999482
999481 999481
999480 999480
999479 999479
999478 999478
999477 999477
999476 999476
999475 999475
999474 999474
999473 999473
999472 999472
999471 999471
999470 999470
999469 999469
999468 999468
999467 999467
999466 999466
999465 999465
999464 999464
999463 999463
999462 999462
999461 999461
999460 999460
999459 999459
999458 999458
999457 999457
999456 999456
999455 999455
999454 999454
999453 999453
999452 999452
999451 999451
999450 999450
999449 999449
999448 999448
999447 999447
999446 999446
999445 999445
999444 999444
999443 999443
999442 999442
999441 999441
999440 999440
999439 999439
999438 999438
999437 999437
999436 999436
999435 999435
999434 999434
999433 999433
999432 999432
999431 999431
999430 999430
999429 999429
999428 999428
999427 999427
999426 999426
999425 999425
999424 999424
999423 999423
999422 999422
999421 999421
999420 999420
999419 999419
999418 999418
999417 999417
999416 999416
999415 999415
999414 999414
999413 999413
999412 999412
999411 999411
999410 999410
999409 999409
999408 999408
999407 999407
999406 999406
999405 999405
999404 999404
999403 999403
999402 999402
999401 999401
999400 999400
999399 999399
999398 999398
999397 999397
999396 999396
999395 999395
999394 999394
999393 999393
999392 999392
999391 999391
999390 999390
999389 999389
999388 999388
999387 999387
999386 999386
999385 999385
999384 999384
999383 999383
999382 999382
999381 999381
999380 999380
999379 999379
999378 999378
999377 999377
999376 999376
999375 999375
999374 999374
999373 999373
999372 999372
999371 999371
999370 999370
999369 999369
999368 999368
999367 999367
999366 999366
999365 999365
999364 999364
999363 999363
999362 999362
999361 999361
999360 999360
999359 999359
999358 999358
999357 999357
999356 999356
999355 999355
999354 999354
999353 999353
999352 999352
999351 999351
999350 999350
999349 999349
999348 999348
999347 999347
999346 999346
999345 999345
999344 999344
999343 999343
999342 999342
999341 999341
999340 999340
999339 999339
999338 999338
999337 999337
999336 999336
999335 999335
999334 999334
999333 999333
999332 999332
999331 999331
999330 999330
999329 999329
999328 999328
999327 999327
999326 999326
999325 999325
999324 999324
999323 999323
999322 999322
999321 999321
999320 999320
999319 999319
999318 999318
999317 999317
999316 999316
999315 999315
999314 999314
999313 999313
999312 999312
999311 999311
999310 999310
999309 999309
999308 999308
999307 999307
999306 999306
999305 999305
999304 999304
999303 999303
999302 999302
999301 999301
999300 999300
999299 999299
999298 999298
999297 999297
999296 999296
999295 999295
999294 999294
999293 999293
999292 999292
999291 999291
999290 999290
999289 999289
999288 999288
999287 999287
999286 999286
999285 999285
999284 999284
999283 999283
999282 999282
999281 999281
999280 999280
999279 999279
999278 999278
999277 999277
999276 999276
999275 999275
999274 999274
999273 999273
999272 999272
999271 999271
999270 999270
999269 999269
999268 999268
999267 999267
999266 999266
999265 999265
999264 999264
999263 999263
999262 999262
999261 999261
999260 999260
999259 999259
999258 999258
999257 999257
999256 999256
999255 999255
999254 999254
999253 999253
999252 999252
999251 999251
999250 999250
999249 999249
999248 999248
999247 999247
999246 999246
999245 999245
999244 999244
999243 999243
999242 999242
999241 999241
999240 999240
999239 999239
999238 999238
999237 999237
999236 999236
999235 999235
999234 999234
999233 999233
999232 999232
999231 999231
999230 999230
999229 999229
999228 999228
999227 999227
999226 999226
999225 999225
999224 999224
999223 999223
999222 999222
999221 999221
999220 999220
999219 999219
999218 999218
999217 999217
999216 999216
999215 999215
999214 999214
999213 999213
999212 999212
999211 999211
999210 999210
999209 999209
999208 999208
999207 999207
999206 999206
999205 999205
999204 999204
999203 999203
999202 999202
999201 999201
999200 999200
999199 999199
999198 999198
999197 999197
999196 999196
999195 999195
999194 999194
999193 999193
999192 999192
999191 999191
999190 999190
999189 999189
999188 999188
999187 999187
999186 999186
999185 999185
999184 999184
999183 999183
999182 999182
999181 999181
999180 999180
999179 999179
999178 999178
999177 999177
999176 999176
999175 999175
999174 999174
999173 999173
999172 999172
999171 999171
999170 999170
999169 999169
999168 999168
999167 999167
999166 999166
999165 999165
999164 999164
999163 999163
999162 999162
999161 999161
999160 999160
999159 999159
999158 999158
999157 999157
999156 999156
999155 999155
999154 999154
999153 999153
999152 999152
999151 999151
999150 999150
999149 999149
999148 999148
999147 999147
999146 999146
999145 999145
999144 999144
999143 999143
999142 999142
999141 999141
999140 999140
999139 999139
999138 999138
999137 999137
999136 999136
999135 999135
999134 999134
999133 999133
999132 999132
999131 999131
999130 999130
999129 999129
999128 999128
999127 999127
999126 999126
999125 999125
999124 999124
999123 999123
999122 999122
999121 999121
999120 999120
999119 999119
999118 999118
999117 999117
999116 999116
999115 999115
999114 999114
999113 999113
999112 999112
999111 999111
999110 999110
999109 999109
999108 999108
999107 999107
999106 999106
999105 999105
999104 999104
999103 999103
999102 999102
999101 999101
999100 999100
999099 999099
999098 999098
999097 999097
999096 999096
999095 999095
999094 999094
999093 999093
999092 999092
999091 999091
999090 999090
999089 999089
999088 999088
999087 999087
999086 999086
999085 999085
999084 999084
999083 999083
999082 999082
999081 999081
999080 999080
999079 999079
999078 999078
999077 999077
999076 999076
999075 999075
999074 999074
999073 999073
999072 999072
999071 999071
999070 999070
999069 999069
999068 999068
999067 999067
999066 999066
999065 999065
999064 999064
999063 999063
999062 999062
999061 999061
999060 999060
999059 999059
999058 999058
999057 999057
999056 999056
999055 999055
999054 999054
999053 999053
999052 999052
999051 999051
999050 999050
999049 999049
999048 999048
999047 999047
999046 999046
999045 999045
999044 999044
999043 999043
999042 999042
999041 999041
999040 999040
999039 999039
999038 999038
999037 999037
999036 999036
999035 999035
999034 999034
999033 999033
999032 999032
999031 999031
999030 999030
999029 999029
999028 999028
999027 999027
999026 999026
999025 999025
999024 999024
999023 999023
999022 999022
999021 999021
999020 999020
999019 999019
999018 999018
999017 999017
999016 999016
999015 999015
999014 999014
999013 999013
999012 999012
999011 999011
999010 999010
999009 999009
999008 999008
999007 999007
999006 999006
999005 999005
999004 999004
999003 999003
999002 999002
999001 999001
2000000 2000000
1999999 1999999
1999998 1999998
1999997 1999997
1999996 1999996
1999995 1999995
1999994 1999994
1999993 1999993
1999992 1999992
1999991 1999991
1999990 1999990
1999989 1999989
1999988 1999988
1999987 1999987
1999986 1999986
1999985 1999985
1999984 1999984
1999983 1999983
1999982 1999982
1999981 1999981
1999980 1999980
1999979 1999979
1999978 1999978
1999977 1999977
1999976 1999976
1999975 1999975
1999974 1999974
1999973 1999973
1999972 1999972
1999971 1999971
1999970 1999970
1999969 1999969
1999968 1999968
1999967 1999967
1999966 1999966
1999965 1999965
1999964 1999964
1999963 1999963
1999962 1999962
1999961 1999961
1999960 1999960
1999959 1999959
1999958 1999958
1999957 1999957
1999956 1999956
1999955 1999955
1999954 1999954
1999953 1999953
1999952 1999952
1999951 1999951
1999950 1999950
1999949 1999949
1999948 1999948
1999947 1999947
1999946 1999946
1999945 1999945
1999944 1999944
1999943 1999943
1999942 1999942
1999941 1999941
1999940 1999940
1999939 1999939
1999938 1999938
1999937 1999937
1999936 1999936
1999935 1999935
1999934 1999934
1999933 1999933
1999932 1999932
1999931 1999931
1999930 1999930
1999929 1999929
1999928 1999928
1999927 1999927
1999926 1999926
1999925 1999925
1999924 1999924
1999923 1999923
1999922 1999922
1999921 1999921
1999920 1999920
1999919 1999919
1999918 1999918
1999917 1999917
1999916 1999916
1999915 1999915
1999914 1999914
1999913 1999913
1999912 1999912
1999911 1999911
1999910 1999910
1999909 1999909
1999908 1999908
1999907 1999907
1999906 1999906
1999905 1999905
1999904 1999904
1999903 1999903
1999902 1999902
1999901 1999901
1999900 1999900
1999899 1999899
1999898 1999898
1999897 1999897
1999896 1999896
1999895 1999895
1999894 1999894
1999893 1999893
1999892 1999892
1999891 1999891
1999890 1999890
1999889 1999889
1999888 1999888
1999887 1999887
1999886 1999886
1999885 1999885
1999884 1999884
1999883 1999883
1999882 1999882
1999881 1999881
1999880 1999880
1999879 1999879
1999878 1999878
1999877 1999877
1999876 1999876
1999875 1999875
1999874 1999874
1999873 1999873
1999872 1999872
1999871 1999871
1999870 1999870
1999869 1999869
1999868 1999868
1999867 1999867
1999866 1999866
1999865 1999865
1999864 1999864
1999863 1999863
1999862 1999862
1999861 1999861
1999860 1999860
1999859 1999859
1999858 1999858
1999857 1999857
1999856 1999856
1999855 1999855
1999854 1999854
1999853 1999853
1999852 1999852
1999851 1999851
1999850 1999850
1999849 1999849
1999848 1999848
1999847 1999847
1999846 1999846
1999845 1999845
1999844 1999844
1999843 1999843
1999842 1999842
1999841 1999841
1999840 1999840
1999839 1999839
1999838 1999838
1999837 1999837
1999836 1999836
1999835 1999835
1999834 1999834
1999833 1999833
1999832 1999832
1999831 1999831
1999830 1999830
1999829 1999829
1999828 1999828
1999827 1999827
1999826 1999826
1999825 1999825
1999824 1999824
1999823 1999823
1999822 1999822
1999821 1999821
1999820 1999820
1999819 1999819
1999818 1999818
1999817 1999817
1999816 1999816
1999815 1999815
1999814 1999814
1999813 1999813
1999812 1999812
1999811 1999811
1999810 1999810
1999809 1999809
1999808 1999808
1999807 1999807
1999806 1999806
1999805 1999805
1999804 1999804
1999803 1999803
1999802 1999802
1999801 1999801
1999800 1999800
1999799 1999799
1999798 1999798
1999797 1999797
1999796 1999796
1999795 1999795
1999794 1999794
1999793 1999793
1999792 1999792
1999791 1999791
1999790 1999790
1999789 1999789
1999788 1999788
1999787 1999787
1999786 1999786
1999785 1999785
1999784 1999784
1999783 1999783
1999782 1999782
1999781 1999781
1999780 1999780
1999779 1999779
1999778 1999778
1999777 1999777
1999776 1999776
1999775 1999775
1999774 1999774
1999773 1999773
1999772 1999772
1999771 1999771
1999770 1999770
1999769 1999769
1999768 1999768
1999767 1999767
1999766 1999766
1999765 1999765
1999764 1999764
1999763 1999763
1999762 1999762
1999761 1999761
1999760 1999760
1999759 1999759
1999758 1999758
1999757 1999757
1999756 1999756
1999755 1999755
1999754 1999754
1999753 1999753
1999752 1999752
1999751 1999751
1999750 1999750
1999749 1999749
1999748 1999748
1999747 1999747
1999746 1999746
1999745 1999745
1999744 1999744
1999743 1999743
1999742 1999742
1999741 1999741
1999740 1999740
1999739 1999739
1999738 1999738
1999737 1999737
1999736 1999736
1999735 1999735
1999734 1999734
1999733 1999733
1999732 1999732
1999731 1999731
1999730 1999730
1999729 1999729
1999728 1999728
1999727 1999727
1999726 1999726
1999725 1999725
1999724 1999724
1999723 1999723
1999722 1999722
1999721 1999721
1999720 1999720
1999719 1999719
1999718 1999718
1999717 1999717
1999716 1999716
1999715 1999715
1999714 1999714
1999713 1999713
1999712 1999712
1999711 1999711
1999710 1999710
1999709 1999709
1999708 1999708
1999707 1999707
1999706 1999706
1999705 1999705
1999704 1999704
1999703 1999703
1999702 1999702
1999701 1999701
1999700 1999700
1999699 1999699
1999698 1999698
1999697 1999697
1999696 1999696
1999695 1999695
1999694 1999694
1999693 1999693
1999692 1999692
1999691 1999691
1999690 1999690
1999689 1999689
1999688 1999688
1999687 1999687
1999686 1999686
1999685 1999685
1999684 1999684
1999683 1999683
1999682 1999682
1999681 1999681
1999680 1999680
1999679 1999679
1999678 1999678
1999677 1999677
1999676 1999676
1999675 1999675
1999674 1999674
1999673 1999673
1999672 1999672
1999671 1999671
1999670 1999670
1999669 1999669
1999668 1999668
1999667 1999667
1999666 1999666
1999665 1999665
1999664 1999664
1999663 1999663
1999662 1999662
1999661 1999661
1999660 1999660
1999659 1999659
1999658 1999658
1999657 1999657
1999656 1999656
1999655 1999655
1999654 1999654
1999653 1999653
1999652 1999652
1999651 1999651
1999650 1999650
1999649 1999649
1999648 1999648
1999647 1999647
1999646 1999646
1999645 1999645
1999644 1999644
1999643 1999643
1999642 1999642
1999641 1999641
1999640 1999640
1999639 1999639
1999638 1999638
1999637 1999637
1999636 1999636
1999635 1999635
1999634 1999634
1999633 1999633
1999632 1999632
1999631 1999631
1999630 1999630
1999629 1999629
1999628 1999628
1999627 1999627
1999626 1999626
1999625 1999625
1999624 1999624
1999623 1999623
1999622 1999622
1999621 1999621
1999620 1999620
1999619 1999619
1999618 1999618
1999617 1999617
1999616 1999616
1999615 1999615
1999614 1999614
1999613 1999613
1999612 1999612
1999611 1999611
1999610 1999610
1999609 1999609
1999608 1999608
1999607 1999607
1999606 1999606
1999605 1999605
1999604 1999604
1999603 1999603
1999602 1999602
1999601 1999601
1999600 1999600
1999599 1999599
1999598 1999598
1999597 1999597
1999596 1999596
1999595 1999595
1999594 1999594
1999593 1999593
1999592 1999592
1999591 1999591
1999590 1999590
1999589 1999589
1999588 1999588
1999587 1999587
1999586 1999586
1999585 1999585
1999584 1999584
1999583 1999583
1999582 1999582
1999581 1999581
1999580 1999580
1999579 1999579
1999578 1999578
1999577 1999577
1999576 1999576
1999575 1999575
1999574 1999574
1999573 1999573
1999572 1999572
1999571 1999571
1999570 1999570
1999569 1999569
1999568 1999568
1999567 1999567
1999566 1999566
1999565 1999565
1999564 1999564
1999563 1999563
1999562 1999562
1999561 1999561
1999560 1999560
1999559 1999559
1999558 1999558
1999557 1999557
1999556 1999556
1999555 1999555
1999554 1999554
1999553 1999553
1999552 1999552
1999551 1999551
1999550 1999550
1999549 1999549
1999548 1999548
1999547 1999547
1999546 1999546
1999545 1999545
1999544 1999544
1999543 1999543
1999542 1999542
1999541 1999541
1999540 1999540
1999539 1999539
1999538 1999538
1999537 1999537
1999536 1999536
1999535 1999535
1999534 1999534
1999533 1999533
1999532 1999532
1999531 1999531
1999530 1999530
1999529 1999529
1999528 1999528
1999527 1999527
1999526 1999526
1999525 1999525
1999524 1999524
1999523 1999523
1999522 1999522
1999521 1999521
1999520 1999520
1999519 1999519
1999518 1999518
1999517 1999517
1999516 1999516
1999515 1999515
1999514 1999514
1999513 1999513
1999512 1999512
1999511 1999511
1999510 1999510
1999509 1999509
1999508 1999508
1999507 1999507
1999506 1999506
1999505 1999505
1999504 1999504
1999503 1999503
1999502 1999502
1999501 1999501
1999500 1999500
1999499 1999499
1999498 1999498
1999497 1999497
1999496 1999496
1999495 1999495
1999494 1999494
1999493 1999493
1999492 1999492
1999491 1999491
1999490 1999490
1999489 1999489
1999488 1999488
1999487 1999487
1999486 1999486
1999485 1999485
1999484 1999484
1999483 1999483
1999482 1999482
1999481 1999481
1999480 1999480
1999479 1999479
1999478 1999478
1999477 1999477
1999476 1999476
1999475 1999475
1999474 1999474
1999473 1999473
1999472 1999472
1999471 1999471
1999470 1999470
1999469 1999469
1999468 1999468
1999467 1999467
1999466 1999466
1999465 1999465
1999464 1999464
1999463 1999463
1999462 1999462
1999461 1999461
1999460 1999460
1999459 1999459
1999458 1999458
1999457 1999457
1999456 1999456
1999455 1999455
1999454 1999454
1999453 1999453
1999452 1999452
1999451 1999451
1999450 1999450
1999449 1999449
1999448 1999448
1999447 1999447
1999446 1999446
1999445 1999445
1999444 1999444
1999443 1999443
1999442 1999442
1999441 1999441
1999440 1999440
1999439 1999439
1999438 1999438
1999437 1999437
1999436 1999436
1999435 1999435
1999434 1999434
1999433 1999433
1999432 1999432
1999431 1999431
1999430 1999430
1999429 1999429
1999428 1999428
1999427 1999427
1999426 1999426
1999425 1999425
1999424 1999424
1999423 1999423
1999422 1999422
1999421 1999421
1999420 1999420
1999419 1999419
1999418 1999418
1999417 1999417
1999416 1999416
1999415 1999415
1999414 1999414
1999413 1999413
1999412 1999412
1999411 1999411
1999410 1999410
1999409 1999409
1999408 1999408
1999407 1999407
1999406 1999406
1999405 1999405
1999404 1999404
1999403 1999403
1999402 1999402
1999401 1999401
1999400 1999400
1999399 1999399
1999398 1999398
1999397 1999397
1999396 1999396
1999395 1999395
1999394 1999394
1999393 1999393
1999392 1999392
1999391 1999391
1999390 1999390
1999389 1999389
1999388 1999388
1999387 1999387
1999386 1999386
1999385 1999385
1999384 1999384
1999383 1999383
1999382 1999382
1999381 1999381
1999380 1999380
1999379 1999379
1999378 1999378
1999377 1999377
1999376 1999376
1999375 1999375
1999374 1999374
1999373 1999373
1999372 1999372
1999371 1999371
1999370 1999370
1999369 1999369
1999368 1999368
1999367 1999367
1999366 1999366
1999365 1999365
1999364 1999364
1999363 1999363
1999362 1999362
1999361 1999361
1999360 1999360
1999359 1999359
1999358 1999358
1999357 1999357
1999356 1999356
1999355 1999355
1999354 1999354
1999353 1999353
1999352 1999352
1999351 1999351
1999350 1999350
1999349 1999349
1999348 1999348
1999347 1999347
1999346 1999346
1999345 1999345
1999344 1999344
1999343 1999343
1999342 1999342
1999341 1999341
1999340 1999340
1999339 1999339
1999338 1999338
1999337 1999337
1999336 1999336
1999335 1999335
1999334 1999334
1999333 1999333
1999332 1999332
1999331 1999331
1999330 1999330
1999329 1999329
1999328 1999328
1999327 1999327
1999326 1999326
1999325 1999325
1999324 1999324
1999323 1999323
1999322 1999322
1999321 1999321
1999320 1999320
1999319 1999319
1999318 1999318
1999317 1999317
1999316 1999316
1999315 1999315
1999314 1999314
1999313 1999313
1999312 1999312
1999311 1999311
1999310 1999310
1999309 1999309
1999308 1999308
1999307 1999307
1999306 1999306
1999305 1999305
1999304 1999304
1999303 1999303
1999302 1999302
1999301 1999301
1999300 1999300
1999299 1999299
1999298 1999298
1999297 1999297
1999296 1999296
1999295 1999295
1999294 1999294
1999293 1999293
1999292 1999292
1999291 1999291
1999290 1999290
1999289 1999289
1999288 1999288
1999287 1999287
1999286 1999286
1999285 1999285
1999284 1999284
1999283 1999283
1999282 1999282
1999281 1999281
1999280 1999280
1999279 1999279
1999278 1999278
1999277 1999277
1999276 1999276
1999275 1999275
1999274 1999274
1999273 1999273
1999272 1999272
1999271 1999271
1999270 1999270
1999269 1999269
1999268 1999268
1999267 1999267
1999266 1999266
1999265 1999265
1999264 1999264
1999263 1999263
1999262 1999262
1999261 1999261
1999260 1999260
1999259 1999259
1999258 1999258
1999257 1999257
1999256 1999256
1999255 1999255
1999254 1999254
1999253 1999253
1999252 1999252
1999251 1999251
1999250 1999250
1999249 1999249
1999248 1999248
1999247 1999247
1999246 1999246
1999245 1999245
1999244 1999244
1999243 1999243
1999242 1999242
1999241 1999241
1999240 1999240
1999239 1999239
1999238 1999238
1999237 1999237
1999236 1999236
1999235 1999235
1999234 1999234
1999233 1999233
1999232 1999232
1999231 1999231
1999230 1999230
1999229 1999229
1999228 1999228
1999227 1999227
1999226 1999226
1999225 1999225
1999224 1999224
1999223 1999223
1999222 1999222
1999221 1999221
1999220 1999220
1999219 1999219
1999218 1999218
1999217 1999217
1999216 1999216
1999215 1999215
1999214 1999214
1999213 1999213
1999212 1999212
1999211 1999211
1999210 1999210
1999209 1999209
1999208 1999208
1999207 1999207
1999206 1999206
1999205 1999205
1999204 1999204
1999203 1999203
1999202 1999202
1999201 1999201
1999200 1999200
1999199 1999199
1999198 1999198
1999197 1999197
1999196 1999196
1999195 1999195
1999194 1999194
1999193 1999193
1999192 1999192
1999191 1999191
1999190 1999190
1999189 1999189
1999188 1999188
1999187 1999187
1999186 1999186
1999185 1999185
1999184 1999184
1999183 1999183
1999182 1999182
1999181 1999181
1999180 1999180
1999179 1999179
1999178 1999178
1999177 1999177
1999176 1999176
1999175 1999175
1999174 1999174
1999173 1999173
1999172 1999172
1999171 1999171
1999170 1999170
1999169 1999169
1999168 1999168
1999167 1999167
1999166 1999166
1999165 1999165
1999164 1999164
1999163 1999163
1999162 1999162
1999161 1999161
1999160 1999160
1999159 1999159
1999158 1999158
1999157 1999157
1999156 1999156
1999155 1999155
1999154 1999154
1999153 1999153
1999152 1999152
1999151 1999151
1999150 1999150
1999149 1999149
1999148 1999148
1999147 1999147
1999146 1999146
1999145 1999145
1999144 1999144
1999143 1999143
1999142 1999142
1999141 1999141
1999140 1999140
1999139 1999139
1999138 1999138
1999137 1999137
1999136 1999136
1999135 1999135
1999134 1999134
1999133 1999133
1999132 1999132
1999131 1999131
1999130 1999130
1999129 1999129
1999128 1999128
1999127 1999127
1999126 1999126
1999125 1999125
1999124 1999124
1999123 1999123
1999122 1999122
1999121 1999121
1999120 1999120
1999119 1999119
1999118 1999118
1999117 1999117
1999116 1999116
1999115 1999115
1999114 1999114
1999113 1999113
1999112 1999112
1999111 1999111
1999110 1999110
1999109 1999109
1999108 1999108
1999107 1999107
1999106 1999106
1999105 1999105
1999104 1999104
1999103 1999103
1999102 1999102
1999101 1999101
1999100 1999100
1999099 1999099
1999098 1999098
1999097 1999097
1999096 1999096
1999095 1999095
1999094 1999094
1999093 1999093
1999092 1999092
1999091 1999091
1999090 1999090
1999089 1999089
1999088 1999088
1999087 1999087
1999086 1999086
1999085 1999085
1999084 1999084
1999083 1999083
1999082 1999082
1999081 1999081
1999080 1999080
1999079 1999079
1999078 1999078
1999077 1999077
1999076 1999076
1999075 1999075
1999074 1999074
1999073 1999073
1999072 1999072
1999071 1999071
1999070 1999070
1999069 1999069
1999068 1999068
1999067 1999067
1999066 1999066
1999065 1999065
1999064 1999064
1999063 1999063
1999062 1999062
1999061 1999061
1999060 1999060
1999059 1999059
1999058 1999058
1999057 1999057
1999056 1999056
1999055 1999055
1999054 1999054
1999053 1999053
1999052 1999052
1999051 1999051
1999050 1999050
1999049 1999049
1999048 1999048
1999047 1999047
1999046 1999046
1999045 1999045
1999044 1999044
1999043 1999043
1999042 1999042
1999041 1999041
1999040 1999040
1999039 1999039
1999038 1999038
1999037 1999037
1999036 1999036
1999035 1999035
1999034 1999034
1999033 1999033
1999032 1999032
1999031 1999031
1999030 1999030
1999029 1999029
1999028 1999028
1999027 1999027
1999026 1999026
1999025 1999025
1999024 1999024
1999023 1999023
1999022 1999022
1999021 1999021
1999020 1999020
1999019 1999019
1999018 1999018
1999017 1999017
1999016 1999016
1999015 1999015
1999014 1999014
1999013 1999013
1999012 1999012
1999011 1999011
1999010 1999010
1999009 1999009
1999008 1999008
1999007 1999007
1999006 1999006
1999005 1999005
1999004 1999004
1999003 1999003
1999002 1999002
1999001 1999001
