100 411428
430857
54435
624526
287705
286213
442598
286094
385034
343233
286668
885069
258760
71397
28779
107225
978623
715403
829369
633978
380246
601893
501170
709975
432367
502770
868316
97342
230323
782252
551354
792200
258939
855298
687139
157995
833739
764121
359360
815841
580057
78686
975379
592803
574990
503794
615906
573394
315344
452185
596548
227227
21751
858785
408388
236478
309377
869621
595649
951528
891403
960018
432234
932946
503257
5564
878913
254890
492082
847216
845612
751466
683824
725185
308098
176920
974612
387304
98234
956337
176633
754183
917517
350362
642775
309086
233909
110317
88065
204274
584018
114567
386763
782232
491705
749542
347470
410076
758469
516146
28312
