500 922743
515993
625382
572481
250226
738570
166303
814317
632986
646822
373228
883337
705296
481141
26315
946248
361058
175716
686641
178707
147880
206277
600908
139547
558127
650672
62495
937916
227489
689440
729675
68937
184194
574006
909967
72423
557800
369202
86360
854869
107131
176040
421103
475612
692313
717301
763594
942485
354044
45414
901370
489849
10291
147708
721396
462697
300822
582604
339680
235191
745774
201319
561016
121786
906204
978600
650625
456014
491140
993847
942147
518492
523498
437258
331278
785000
511534
946720
974230
671323
656053
657725
240721
98364
117631
634263
81507
453893
261876
172433
832522
941815
161601
175182
166681
582327
858266
996481
448724
843716
444733
972328
379505
776383
729118
185881
218452
700017
455101
761958
434273
724667
995541
324923
695096
314995
389768
872178
214186
524385
174701
667089
613070
612478
858402
309985
350715
337378
122310
639244
48486
994131
13825
797303
572551
106688
930922
685461
827641
814582
109890
158621
881435
311725
439234
974669
243042
967545
648209
526345
31074
905130
496820
325449
8766
132777
342660
674666
360589
770718
24249
811601
915261
320625
104197
418760
765338
269426
210294
903768
828273
969066
128413
423332
475698
698982
895944
675196
517416
997583
954395
953009
358307
783049
309191
553862
296936
902845
55837
66813
654452
626883
835065
338511
614588
193123
123965
509916
426788
929085
432163
712775
534075
201493
706755
88106
498195
622826
639911
289386
522337
592311
280014
623872
335588
534946
860057
295584
75056
681124
143320
687749
156647
97623
741416
371214
492036
25052
757415
174521
518916
624866
48623
592546
548724
608897
269540
451130
788370
174836
353684
757761
900915
351591
9353
241600
178554
559079
253334
174121
806804
588307
680409
634014
501523
631015
585779
672178
153822
645438
820868
595573
378328
588582
297080
339026
837294
618841
861932
163958
419431
659717
190526
510383
253762
990120
773680
46739
804413
204394
781528
890472
43894
771430
855324
705259
765512
963232
876126
278944
248216
456169
700578
125436
711001
910219
292935
275745
723481
171084
748660
385100
112070
925903
356356
507648
8291
74764
117653
816037
820866
297409
403177
374287
823689
228122
609258
28542
187508
872968
565131
46881
47725
874404
872658
317360
200350
551149
516799
469427
312600
309411
720083
26
886476
668806
711221
410002
338781
297054
497770
52171
378313
766755
864838
188926
742593
291007
233446
999034
377504
158518
98899
570851
332057
560143
5043
398421
228568
704999
196236
449495
840376
683615
605279
407573
452621
206727
890295
376552
637243
780832
112835
864884
385335
865374
967590
690424
205232
272269
423278
37129
513530
337519
235244
985773
71867
928956
141476
683849
211251
6180
82040
931500
447511
461639
492172
372758
838832
229422
444414
992586
35047
925051
66473
43519
587458
490377
478078
440361
349406
768370
289435
661960
26862
569338
131480
146098
413287
449861
467531
432777
45308
86068
119040
44438
880028
151869
154682
446000
758644
19322
500141
826000
475350
281742
361660
820972
9207
100554
184086
372647
146831
124923
826062
381325
275514
300127
201754
684191
463233
228365
158668
645389
170146
976843
511437
561987
615402
835589
186913
448743
215930
645414
439362
112636
836286
969125
227297
829042
259428
731538
594642
214199
179658
561724
335965
898011
706009
130530
243910
447615
375492
374659
810314
301474
742142
862987
682678
637643
914472
309590
344371
525492
848317
629774
98414
70514
604954
119884
276807
