16 20 20
-13 7 5 -2 -15 -5 14 13 8 0 2 6 7 -4 0 0 7 -4 -10 1
12 -6 3 2 5 12 7 0 -4 -7 5 -13 14 -7 -2 14 3 -4 10 -7
9 -6 15 -2 4 -1 13 -5 9 -12 11 5 -3 -3 -11 15 -9 12 0 0
-13 -11 2 -15 -5 13 13 12 -6 5 -11 -15 14 -12 -1 2 1 -6 10 -6
-3 4 14 8 -15 -13 7 -11 12 -9 4 13 -6 -11 13 2 -14 8 -2 -7
-3 3 -6 -6 4 6 9 -11 13 4 -4 -5 -8 -8 -15 -10 -7 7 -6 -11
12 11 -14 -12 15 13 5 15 5 -12 -8 -15 4 -1 -6 -8 -13 -13 -5 -15
4 4 -7 11 12 -7 14 -13 15 -8 -11 11 -12 -11 12 -15 -14 2 15 4
3 -10 4 -9 4 11 -4 7 14 4 7 2 -9 15 -4 -15 -8 -6 -13 -11
0 -9 14 1 -5 10 1 -6 -4 -1 14 12 4 0 -15 -10 -4 -5 12 -8
14 1 7 -13 -2 -13 -13 3 -5 -11 6 8 -4 4 -7 4 -2 7 14 8
-10 12 4 7 -4 5 13 5 15 7 12 11 -9 4 14 4 4 -15 -10 14
-12 11 4 -3 -1 12 -15 10 4 12 2 7 6 -9 -3 -13 9 -6 5 6
14 2 1 -11 -12 -3 7 7 -4 12 4 -1 5 -8 9 -14 -13 9 11 6
6 -2 -5 -6 2 7 -6 -5 14 15 14 11 1 -3 13 4 10 4 -7 -12
-2 12 2 -15 -13 -7 -14 -11 -14 13 8 5 -5 -13 15 12 8 -7 -11 4
-8 -13 -1 6 -1 -5 -8 -9 14 1 -6 -5 -5 9 -5 -3 -14 -3 1 -14
-8 -7 4 2 -4 3 -4 -14 10 -2 3 15 -2 -13 4 10 -5 11 -14 -7
-6 -7 1 5 -13 10 -14 -14 -11 3 -13 -4 9 5 11 -11 -10 -11 -12 15
2 7 13 13 7 1 7 -14 -6 6 -8 4 15 7 -9 15 1 -8 14 5
