1 30 30
-13 -15 -15 -6 6 -5 10 10 -13 8 -7 -14 -13 -15 -1 -8 -1 14 -13 14 -7 14 5 -9 -3 -8 -3 1 -12 -11
14 -4 -13 15 3 6 -8 -3 1 -8 -12 7 -9 -10 7 3 -5 -10 1 -5 -12 9 -7 7 13 4 12 -5 -13 -15
-3 -15 -6 -1 13 10 -12 -11 -9 4 -6 -8 -7 1 -5 15 -12 6 -11 5 14 -10 -4 -10 12 -8 7 9 0 9
7 12 9 14 -7 7 8 -4 9 12 13 -12 -11 -10 4 -1 -11 7 -13 -9 -6 -14 -3 6 -11 -9 11 11 13 -5
4 2 -9 -3 0 -1 -14 -8 9 11 -11 6 12 -9 12 0 5 14 -11 8 -10 -3 7 0 -13 11 4 13 4 0
-8 -8 -14 -4 2 2 8 4 7 1 -3 9 -8 -7 15 -14 6 5 15 8 -5 -13 -11 15 0 -11 8 -13 15 -4
2 -11 1 3 -2 -13 -11 -9 6 12 7 -15 5 14 -9 3 13 12 -10 11 3 -2 13 5 -3 -4 10 -13 -2 7
-2 15 10 14 2 -8 14 5 -2 3 -1 -10 3 -14 -14 10 4 15 4 9 10 -11 -9 5 10 1 14 2 3 -4
-7 14 -7 -13 10 9 -5 9 -2 8 -4 12 11 12 11 13 4 0 12 -7 -9 4 -5 -2 -9 -11 12 -10 6 0
-1 13 -4 8 13 -9 1 -8 13 12 14 -7 6 9 -11 1 4 9 14 0 15 -10 -14 -8 3 -7 -3 -1 -4 -15
12 10 11 -7 0 9 -3 -15 14 -6 10 10 0 -2 2 2 15 -10 -7 13 4 -10 -13 5 -2 3 11 8 -15 -9
6 10 -14 2 -15 1 -7 -3 0 -11 4 -8 15 -12 6 -1 6 3 4 12 -2 -8 -13 1 11 0 -14 6 -8 -14
11 13 12 10 -3 12 -7 5 -8 6 8 11 14 7 13 2 -10 1 -11 7 -3 2 13 -1 -15 8 12 -13 -4 -12
-14 -11 15 11 14 -4 8 -8 15 13 13 7 6 9 -4 3 -5 -1 -12 -1 -10 -1 15 -15 13 15 6 8 15 -13
11 -14 -11 8 12 -12 -13 2 -7 -14 -1 -10 6 -10 15 15 6 -6 -2 8 7 1 -9 6 2 -14 3 -8 9 3
-8 3 4 -3 -5 0 -2 -5 -15 6 -4 -1 11 15 2 8 14 -9 -15 -6 14 5 9 -13 -5 -7 -14 11 -2 11
-2 4 -4 -14 -15 6 0 -4 -14 0 -14 -5 12 10 -7 -3 1 -11 3 -1 -3 -1 -12 -10 1 -4 -2 2 -9 11
-5 5 -1 6 4 -3 -5 -14 8 -6 -1 7 2 -4 0 8 6 -15 13 -9 -1 -6 5 2 -3 -12 11 8 3 -14
3 14 4 -15 2 -7 -5 10 -8 -14 -14 7 8 4 -15 -10 -6 6 -10 -11 10 2 -4 -1 -14 8 0 12 0 -13
12 -14 14 0 -14 -1 6 -6 -7 12 -5 -7 3 -14 10 1 -9 -12 -11 -5 -7 14 10 4 -5 10 -3 10 6 10
10 0 11 7 14 10 -10 2 -11 -4 -2 -3 4 14 -2 -2 -1 3 0 3 11 8 1 5 -4 9 -1 6 1 -12
-1 -4 3 -6 -13 -1 -13 -10 -14 -11 -1 -3 1 -14 -6 13 -3 8 0 12 -6 -5 4 8 15 14 2 -3 2 -13
0 -15 -4 -15 -7 -4 0 -5 1 -1 -1 14 9 15 15 -13 12 -4 9 -6 -9 -13 4 10 10 2 6 -6 14 -7
-3 -2 -9 6 -4 -1 -13 11 7 1 -8 -10 -1 -14 -12 -2 -14 13 8 10 -8 14 10 9 6 3 -5 -3 12 -7
3 -9 4 7 13 -15 -9 13 9 11 -2 15 -14 13 14 -13 -7 15 15 -15 8 -11 12 2 14 3 -13 -9 13 15
-2 -2 -12 -14 -11 14 15 -7 11 7 -11 -6 6 -12 -9 4 -10 -1 3 -13 -2 -7 -8 -6 9 -12 10 11 -6 7
8 7 -11 12 7 -6 10 6 2 6 -3 4 13 -15 7 -14 4 12 -2 -10 15 11 -2 -11 -12 -9 -8 13 -15 1
5 8 -9 7 4 13 14 -3 3 1 -15 14 -13 13 14 10 12 1 6 -6 6 3 -10 -12 7 -9 -7 12 -12 -9
-4 6 14 2 -4 1 -1 -6 11 15 10 11 13 11 6 10 5 2 -5 -7 11 14 10 14 -14 1 -13 -8 -4 -9
-4 7 10 -5 -7 -10 9 7 0 4 6 -8 -3 2 -13 -13 -6 5 2 2 14 -5 0 8 -8 -1 -9 -6 7 2
